image_width: 640
image_height: 480
camera_name: camera
camera_matrix:
  rows: 3
  cols: 3
  data: [588.5780321857158, 0, 324.4182257715599, 0, 550.297838513767, 228.7905347382119, 0, 0, 1]
distortion_model: plumb_bob
distortion_coefficients:
  rows: 1
  cols: 5
  data: [0.2941724215192014, -0.6440420745489239, -0.001981126702199654, -0.001944696319863535, 0]
rectification_matrix:
  rows: 3
  cols: 3
  data: [1, 0, 0, 0, 1, 0, 0, 0, 1]
projection_matrix:
  rows: 3
  cols: 4
  data: [607.3915405273438, 0, 323.5881030112323, 0, 0, 569.1080932617188, 228.0886806868002, 0, 0, 0, 1, 0]